0,1,2,3,4,5,6,7,8,9,10,11,12,13,14,15,16,17,18,19,20,21,22,23,24,25,26,27,28,29,30,31,32,33,34,35,36,37,38,39,40,41,42,43,44,45,46,47,48,49,50,51,52,53,54,55,56,57,58,59,60,61,62,63,64,65,66,67,68,69,70,71,72,73,74,75,76,77,78,79,80,81,82,83,84,85,86,87,88,89,90,91,92,93,94,95,96,97,98,99,100,101,102,103,104,105,106,107,108,109,110,111,112,113,114,115,116,117,118,119,120,121,122,123,124,125,126,127,128,129,130,131,132,133,134,135,136,137,138,139,140,141,142,143,144,145,146,147,148,149,150,151,152,153,154,155,156,157,158,159,160,161,162,163,164,165,166,167,168,169,170,171,172,173,174,175,176,177,178,179,180,181,182,183,184,185,186,187,188,189,190,191,192,193,194,195,196,197,198,199,200
-8.985,-5.3319,-0.11219,5.1162,8.8311,9.9854,8.2898,4.2673,-0.92308,-5.8317,-9.1261,-9.9474,-8.1206,-4.1731,0.83237,5.5945,8.915,9.9945,8.6126,5.1548,0.49056,-4.2565,-7.984,-9.8641,-9.5167,-7.0711,-3.1094,1.4841,5.7283,8.7564,9.9867,9.2233,6.6703,2.8672,-1.436,-5.4336,-8.4155,-9.8883,-9.6467,-7.7879,-4.6726,-0.84493,3.0695,6.4688,8.8655,9.9502,9.6215,7.982,5.3053,1.9831,-1.538,-4.8191,-7.4834,-9.2557,-9.9837,-9.6426,-8.3234,-6.2101,-3.5493,-0.61752,2.3093,4.9824,7.1996,8.8173,9.7546,9.9917,9.5625,8.5441,7.0446,5.1901,3.1131,0.94204,-1.2063,-3.2326,-5.0584,-6.627,-7.9031,-8.8708,-9.5312,-9.8989,-9.9988,-9.863,-9.5276,-9.0305,-8.4091,-7.6988,-6.9323,-6.1381,-5.3412,-4.5622,-3.8178,-3.1214,-2.483,-1.9101,-1.4078,-0.97956,-0.62765,-0.35328,-0.15706,-0.039269,-4.91E-15,-0.039269,-0.15706,-0.35328,-0.62765,-0.97956,-1.4078,-1.9101,-2.483,-3.1214,-3.8178,-4.5622,-5.3412,-6.1381,-6.9323,-7.6988,-8.4091,-9.0305,-9.5276,-9.863,-9.9988,-9.8989,-9.5312,-8.8708,-7.9031,-6.627,-5.0584,-3.2326,-1.2063,0.94204,3.1131,5.1901,7.0446,8.5441,9.5625,9.9917,9.7546,8.8173,7.1996,4.9824,2.3093,-0.61752,-3.5493,-6.2101,-8.3234,-9.6426,-9.9837,-9.2557,-7.4834,-4.8191,-1.538,1.9831,5.3053,7.982,9.6215,9.9502,8.8655,6.4688,3.0695,-0.84493,-4.6726,-7.7879,-9.6467,-9.8883,-8.4155,-5.4336,-1.436,2.8672,6.6703,9.2233,9.9867,8.7564,5.7283,1.4841,-3.1094,-7.0711,-9.5167,-9.8641,-7.984,-4.2565,0.49056,5.1548,8.6126,9.9945,8.915,5.5945,0.83237,-4.1731,-8.1206,-9.9474,-9.1261,-5.8317,-0.92308,4.2673,8.2898,9.9854,8.8311,5.1162,-0.11219,-5.3319,-8.985
-5.3319,-0.056098,5.2127,8.9096,9.9705,8.1264,3.9527,-1.3252,-6.2029,-9.3283,-9.8702,-7.7251,-3.5167,1.6008,6.2688,9.287,9.9157,8.0427,4.1838,-0.67467,-5.3374,-8.6979,-9.9961,-8.9778,-5.9276,-1.5756,3.089,7.0485,9.4779,9.9086,8.3046,5.0438,0.81686,-3.529,-7.1638,-9.4314,-9.9596,-8.7082,-5.9527,-2.2131,1.8531,5.5716,8.3631,9.8278,9.7937,8.3231,5.6835,2.2906,-1.3642,-4.7881,-7.5535,-9.347,-9.9984,-9.4864,-7.9256,-5.5388,-2.6193,0.50899,3.5297,6.1657,8.2019,9.4986,9.9944,9.7017,8.6952,7.0975,5.0612,2.7534,0.3397,-2.0274,-4.2177,-6.1286,-7.6879,-8.8531,-9.609,-9.9642,-9.946,-9.5955,-8.9629,-8.1029,-7.0711,-5.9206,-4.7005,-3.4537,-2.2166,-1.0186,0.11782,1.1763,2.146,3.0211,3.7995,4.4821,5.0721,5.5742,5.9938,6.3368,6.6086,6.8142,6.958,7.043,7.0711,7.043,6.958,6.8142,6.6086,6.3368,5.9938,5.5742,5.0721,4.4821,3.7995,3.0211,2.146,1.1763,0.11782,-1.0186,-2.2166,-3.4537,-4.7005,-5.9206,-7.0711,-8.1029,-8.9629,-9.5955,-9.946,-9.9642,-9.609,-8.8531,-7.6879,-6.1286,-4.2177,-2.0274,0.3397,2.7534,5.0612,7.0975,8.6952,9.7017,9.9944,9.4986,8.2019,6.1657,3.5297,0.50899,-2.6193,-5.5388,-7.9256,-9.4864,-9.9984,-9.347,-7.5535,-4.7881,-1.3642,2.2906,5.6835,8.3231,9.7937,9.8278,8.3631,5.5716,1.8531,-2.2131,-5.9527,-8.7082,-9.9596,-9.4314,-7.1638,-3.529,0.81686,5.0438,8.3046,9.9086,9.4779,7.0485,3.089,-1.5756,-5.9276,-8.9778,-9.9961,-8.6979,-5.3374,-0.67467,4.1838,8.0427,9.9157,9.287,6.2688,1.6008,-3.5167,-7.7251,-9.8702,-9.3283,-6.2029,-1.3252,3.9527,8.1264,9.9705,8.9096,5.2127,-0.056098,-5.3319
-0.11219,5.2127,8.9351,9.9611,8.0251,3.7403,-1.6112,-6.4726,-9.4678,-9.7839,-7.3771,-2.9556,2.2442,6.8122,9.5485,9.7704,7.4679,3.2769,-1.7111,-6.2423,-9.2179,-9.9533,-8.3223,-4.7586,-0.12667,4.499,8.0872,9.8761,9.5248,7.1623,3.3323,-1.1436,-5.3504,-8.4687,-9.9284,-9.5027,-7.3272,-3.8502,0.27083,4.3006,7.5597,9.5353,9.9535,8.8046,6.3233,2.9316,-0.84091,-4.4442,-7.3888,-9.3086,-9.999,-9.4282,-7.724,-5.1419,-2.0198,1.2702,4.3684,6.9665,8.8346,9.836,9.9297,9.1622,7.6521,5.5693,3.1131,0.49053,-2.1015,-4.4911,-6.541,-8.1535,-9.2714,-9.8759,-9.981,-9.6275,-8.8753,-7.797,-6.4705,-4.9737,-3.3803,-1.756,-0.15706,1.3713,2.7948,4.0896,5.2415,6.2444,7.0991,7.8117,8.3926,8.8545,9.2119,9.48,9.674,9.8083,9.8963,9.9499,9.9795,9.9935,9.9987,9.9999,10,9.9999,9.9987,9.9935,9.9795,9.9499,9.8963,9.8083,9.674,9.48,9.2119,8.8545,8.3926,7.8117,7.0991,6.2444,5.2415,4.0896,2.7948,1.3713,-0.15706,-1.756,-3.3803,-4.9737,-6.4705,-7.797,-8.8753,-9.6275,-9.981,-9.8759,-9.2714,-8.1535,-6.541,-4.4911,-2.1015,0.49053,3.1131,5.5693,7.6521,9.1622,9.9297,9.836,8.8346,6.9665,4.3684,1.2702,-2.0198,-5.1419,-7.724,-9.4282,-9.999,-9.3086,-7.3888,-4.4442,-0.84091,2.9316,6.3233,8.8046,9.9535,9.5353,7.5597,4.3006,0.27083,-3.8502,-7.3272,-9.5027,-9.9284,-8.4687,-5.3504,-1.1436,3.3323,7.1623,9.5248,9.8761,8.0872,4.499,-0.12667,-4.7586,-8.3223,-9.9533,-9.2179,-6.2423,-1.7111,3.2769,7.4679,9.7704,9.5485,6.8122,2.2442,-2.9556,-7.3771,-9.7839,-9.4678,-6.4726,-1.6112,3.7403,8.0251,9.9611,8.9351,5.2127,-0.11219
5.1162,8.9096,9.9611,7.9908,3.6333,-1.7822,-6.6481,-9.5578,-9.705,-7.0919,-2.4989,2.7638,7.2386,9.7243,9.5899,6.9188,2.4566,-2.6113,-6.9831,-9.5752,-9.7823,-7.6039,-3.6146,1.2013,5.7022,8.8625,9.9999,8.9107,5.8873,1.6276,-2.9387,-6.858,-9.3518,-9.9626,-8.6247,-5.6515,-1.6497,2.6137,6.3641,8.9587,9.99,9.3381,7.1687,3.8832,0.035062,-3.7698,-6.9703,-9.1299,-9.9892,-9.4864,-7.7468,-5.0486,-1.7704,1.6664,4.855,7.4496,9.1995,9.9668,9.7281,8.5634,6.6354,4.1626,1.3914,-1.4312,-4.0795,-6.3664,-8.1535,-9.3551,-9.9378,-9.9143,-9.3356,-8.2809,-6.8477,-5.1419,-3.2696,-1.3301,0.58893,2.4144,4.0896,5.5742,6.8432,7.8856,8.702,9.3023,9.7037,9.9279,9.9999,9.9457,9.7914,9.5619,9.2806,8.9686,8.6445,8.3245,8.0222,7.7489,7.5138,7.3239,7.1846,7.0996,7.0711,7.0996,7.1846,7.3239,7.5138,7.7489,8.0222,8.3245,8.6445,8.9686,9.2806,9.5619,9.7914,9.9457,9.9999,9.9279,9.7037,9.3023,8.702,7.8856,6.8432,5.5742,4.0896,2.4144,0.58893,-1.3301,-3.2696,-5.1419,-6.8477,-8.2809,-9.3356,-9.9143,-9.9378,-9.3551,-8.1535,-6.3664,-4.0795,-1.4312,1.3914,4.1626,6.6354,8.5634,9.7281,9.9668,9.1995,7.4496,4.855,1.6664,-1.7704,-5.0486,-7.7468,-9.4864,-9.9892,-9.1299,-6.9703,-3.7698,0.035062,3.8832,7.1687,9.3381,9.99,8.9587,6.3641,2.6137,-1.6497,-5.6515,-8.6247,-9.9626,-9.3518,-6.858,-2.9387,1.6276,5.8873,8.9107,9.9999,8.8625,5.7022,1.2013,-3.6146,-7.6039,-9.7823,-9.5752,-6.9831,-2.6113,2.4566,6.9188,9.5899,9.7243,7.2386,2.7638,-2.4989,-7.0919,-9.705,-9.5578,-6.6481,-1.7822,3.6333,7.9908,9.9611,8.9096,5.1162
8.8311,9.9705,8.0251,3.6333,-1.8391,-6.7345,-9.6079,-9.6456,-6.8807,-2.1525,3.1627,7.5612,9.8365,9.4006,6.4198,1.7383,-3.3744,-7.5761,-9.8021,-9.5263,-6.8683,-2.5339,2.3866,6.7009,9.4039,9.9042,8.1386,4.5585,-1.08E-13,-4.5211,-8.0401,-9.8451,-9.6106,-7.4403,-3.819,0.50772,4.6957,7.9687,9.7586,9.7937,8.1259,5.0969,1.258,-2.7389,-6.2552,-8.7666,-9.9349,-9.6426,-7.991,-5.2653,-1.8775,1.7024,5.0141,7.666,9.3768,9.9983,9.5179,8.0452,5.7853,3.0056,3.92E-14,-2.9442,-5.5735,-7.6879,-9.1523,-9.8989,-9.9241,-9.279,-8.0572,-6.381,-4.3876,-2.2166,-4.91E-15,2.146,4.1256,5.8663,7.319,8.4569,9.2728,9.7759,9.9884,9.9414,9.6719,9.2194,8.6242,7.9246,7.1564,6.3513,5.5367,4.7358,3.9674,3.2462,2.5838,1.9884,1.4659,1.0202,0.65375,0.36798,0.1636,0.040905,-2.94E-14,0.040905,0.1636,0.36798,0.65375,1.0202,1.4659,1.9884,2.5838,3.2462,3.9674,4.7358,5.5367,6.3513,7.1564,7.9246,8.6242,9.2194,9.6719,9.9414,9.9884,9.7759,9.2728,8.4569,7.319,5.8663,4.1256,2.146,-4.91E-15,-2.2166,-4.3876,-6.381,-8.0572,-9.279,-9.9241,-9.8989,-9.1523,-7.6879,-5.5735,-2.9442,3.92E-14,3.0056,5.7853,8.0452,9.5179,9.9983,9.3768,7.666,5.0141,1.7024,-1.8775,-5.2653,-7.991,-9.6426,-9.9349,-8.7666,-6.2552,-2.7389,1.258,5.0969,8.1259,9.7937,9.7586,7.9687,4.6957,0.50772,-3.819,-7.4403,-9.6106,-9.8451,-8.0401,-4.5211,-1.08E-13,4.5585,8.1386,9.9042,9.4039,6.7009,2.3866,-2.5339,-6.8683,-9.5263,-9.8021,-7.5761,-3.3744,1.7383,6.4198,9.4006,9.8365,7.5612,3.1627,-2.1525,-6.8807,-9.6456,-9.6079,-6.7345,-1.8391,3.6333,8.0251,9.9705,8.8311
9.9854,8.1264,3.7403,-1.7822,-6.7345,-9.6239,-9.6139,-6.751,-1.9199,3.4444,7.7919,9.9037,9.2242,5.9898,1.1321,-4.004,-8.0396,-9.93,-9.2238,-6.1533,-1.5444,3.4195,7.508,9.7478,9.6442,7.2745,3.2399,-1.5009,-5.8683,-8.9095,-9.9999,-8.9587,-6.0602,-1.9488,2.5152,6.4427,9.0915,9.9998,9.0537,6.4836,2.7976,-1.3294,-5.1855,-8.1448,-9.7644,-9.8408,-8.4217,-5.7769,-2.3383,1.3784,4.855,7.6423,9.4147,9.9997,9.3845,7.7,5.1901,2.1697,-1.0184,-4.0449,-6.627,-8.5521,-9.6895,-9.9926,-9.4918,-8.2809,-6.5001,-4.3173,-1.9101,0.54969,2.9082,5.038,6.8432,8.2605,9.2578,9.831,9.9993,9.7994,9.2806,8.4991,7.5138,6.3825,5.1594,3.8925,2.6232,1.3851,0.20449,-0.89926,-1.9132,-2.8297,-3.6457,-4.3615,-4.9802,-5.5063,-5.9457,-6.3045,-6.5885,-6.8032,-6.9532,-7.0418,-7.0711,-7.0418,-6.9532,-6.8032,-6.5885,-6.3045,-5.9457,-5.5063,-4.9802,-4.3615,-3.6457,-2.8297,-1.9132,-0.89926,0.20449,1.3851,2.6232,3.8925,5.1594,6.3825,7.5138,8.4991,9.2806,9.7994,9.9993,9.831,9.2578,8.2605,6.8432,5.038,2.9082,0.54969,-1.9101,-4.3173,-6.5001,-8.2809,-9.4918,-9.9926,-9.6895,-8.5521,-6.627,-4.0449,-1.0184,2.1697,5.1901,7.7,9.3845,9.9997,9.4147,7.6423,4.855,1.3784,-2.3383,-5.7769,-8.4217,-9.8408,-9.7644,-8.1448,-5.1855,-1.3294,2.7976,6.4836,9.0537,9.9998,9.0915,6.4427,2.5152,-1.9488,-6.0602,-8.9587,-9.9999,-8.9095,-5.8683,-1.5009,3.2399,7.2745,9.6442,9.7478,7.508,3.4195,-1.5444,-6.1533,-9.2238,-9.93,-8.0396,-4.004,1.1321,5.9898,9.2242,9.9037,7.7919,3.4444,-1.9199,-6.751,-9.6139,-9.6239,-6.7345,-1.7822,3.7403,8.1264,9.9854
8.2898,3.9527,-1.6112,-6.6481,-9.6079,-9.6139,-6.7073,-1.8032,3.612,7.9401,9.941,9.0776,5.6426,0.64362,-4.5058,-8.3924,-9.9876,-8.9078,-5.4884,-0.66434,4.299,8.1432,9.933,9.2724,6.3749,1.9809,-2.8444,-6.9771,-9.4957,-9.8777,-8.0933,-4.5831,-0.1354,4.3006,7.8218,9.751,9.7574,7.8976,4.5784,0.45554,-3.7045,-7.1704,-9.3721,-9.9857,-8.9686,-6.5434,-3.1397,0.69059,4.3684,7.3756,9.3245,9.9999,9.3715,7.5795,4.8986,1.6893,-1.6555,-4.7605,-7.3095,-9.0734,-9.9243,-9.8364,-8.8753,-7.1802,-4.9398,-2.3691,0.31417,2.9082,5.2415,7.1824,8.6425,9.5768,9.9795,9.8779,9.3249,8.391,7.1564,5.7045,4.1162,2.4655,0.81677,-0.77683,-2.2742,-3.6457,-4.8726,-5.9457,-6.8636,-7.6311,-8.2582,-8.7577,-9.1447,-9.4355,-9.646,-9.7918,-9.8873,-9.9456,-9.9777,-9.9929,-9.9986,-9.9999,-10,-9.9999,-9.9986,-9.9929,-9.9777,-9.9456,-9.8873,-9.7918,-9.646,-9.4355,-9.1447,-8.7577,-8.2582,-7.6311,-6.8636,-5.9457,-4.8726,-3.6457,-2.2742,-0.77683,0.81677,2.4655,4.1162,5.7045,7.1564,8.391,9.3249,9.8779,9.9795,9.5768,8.6425,7.1824,5.2415,2.9082,0.31417,-2.3691,-4.9398,-7.1802,-8.8753,-9.8364,-9.9243,-9.0734,-7.3095,-4.7605,-1.6555,1.6893,4.8986,7.5795,9.3715,9.9999,9.3245,7.3756,4.3684,0.69059,-3.1397,-6.5434,-8.9686,-9.9857,-9.3721,-7.1704,-3.7045,0.45554,4.5784,7.8976,9.7574,9.751,7.8218,4.3006,-0.1354,-4.5831,-8.0933,-9.8777,-9.4957,-6.9771,-2.8444,1.9809,6.3749,9.2724,9.933,8.1432,4.299,-0.66434,-5.4884,-8.9078,-9.9876,-8.3924,-4.5058,0.64362,5.6426,9.0776,9.941,7.9401,3.612,-1.8032,-6.7073,-9.6139,-9.6079,-6.6481,-1.6112,3.9527,8.2898
4.2673,-1.3252,-6.4726,-9.5578,-9.6456,-6.751,-1.8032,3.6676,8.0125,9.959,8.9731,5.3882,0.27604,-4.8868,-8.6516,-9.9998,-8.6058,-4.8966,0.095011,5.0306,8.6299,9.9981,8.8361,5.4862,0.81686,-4.0158,-7.8598,-9.8393,-9.5434,-7.0948,-3.0915,1.5523,5.8237,8.8336,9.9952,9.1258,6.4571,2.5619,-1.7805,-5.7468,-8.6265,-9.9428,-9.5198,-7.4905,-4.2488,-0.36345,3.5297,6.8337,9.0799,9.9866,9.4831,7.7,4.9312,1.5777,-1.9161,-5.1238,-7.6879,-9.3551,-9.994,-9.5955,-8.2591,-6.1688,-3.5636,-0.70595,2.146,4.7624,6.958,8.6022,9.6215,9.9971,9.7574,8.9686,7.7233,6.1295,4.3007,2.3467,0.36798,-1.5498,-3.3376,-4.9444,-6.3365,-7.4958,-8.4183,-9.1108,-9.589,-9.8745,-9.9929,-9.9717,-9.8387,-9.6209,-9.3435,-9.0297,-8.6997,-8.3713,-8.0593,-7.7763,-7.5321,-7.3346,-7.1895,-7.1009,-7.0711,-7.1009,-7.1895,-7.3346,-7.5321,-7.7763,-8.0593,-8.3713,-8.6997,-9.0297,-9.3435,-9.6209,-9.8387,-9.9717,-9.9929,-9.8745,-9.589,-9.1108,-8.4183,-7.4958,-6.3365,-4.9444,-3.3376,-1.5498,0.36798,2.3467,4.3007,6.1295,7.7233,8.9686,9.7574,9.9971,9.6215,8.6022,6.958,4.7624,2.146,-0.70595,-3.5636,-6.1688,-8.2591,-9.5955,-9.994,-9.3551,-7.6879,-5.1238,-1.9161,1.5777,4.9312,7.7,9.4831,9.9866,9.0799,6.8337,3.5297,-0.36345,-4.2488,-7.4905,-9.5198,-9.9428,-8.6265,-5.7468,-1.7805,2.5619,6.4571,9.1258,9.9952,8.8336,5.8237,1.5523,-3.0915,-7.0948,-9.5434,-9.8393,-7.8598,-4.0158,0.81686,5.4862,8.8361,9.9981,8.6299,5.0306,0.095011,-4.8966,-8.6058,-9.9998,-8.6516,-4.8868,0.27604,5.3882,8.9731,9.959,8.0125,3.6676,-1.8032,-6.751,-9.6456,-9.5578,-6.4726,-1.3252,4.2673
-0.92308,-6.2029,-9.4678,-9.705,-6.8807,-1.9199,3.612,8.0125,9.9643,8.9189,5.233,0.030679,-5.1535,-8.8322,-9.9876,-8.3397,-4.3944,0.72802,5.6234,8.9923,9.9793,8.376,4.6452,-0.22908,-5.0127,-8.5383,-9.9858,-9.0603,-6.0334,-1.6497,3.0695,7.0711,9.5038,9.8903,8.206,4.8551,0.56053,-3.8024,-7.3888,-9.5447,-9.9174,-8.4983,-5.5988,-1.7704,2.3093,5.9617,8.6191,9.9064,9.6834,8.0452,5.2859,1.8376,-1.8045,-5.1564,-7.8086,-9.4714,-9.9988,-9.3899,-7.7727,-5.3741,-2.483,0.58893,3.5426,6.1199,8.1237,9.428,9.9795,9.7914,8.9327,7.5138,5.6712,3.5526,1.3041,-0.94004,-3.0652,-4.9802,-6.6195,-7.9426,-8.9318,-9.589,-9.9318,-9.9894,-9.7991,-9.4021,-8.8411,-8.158,-7.3917,-6.5773,-5.7456,-4.9223,-4.1286,-3.3812,-2.693,-2.0734,-1.529,-1.0643,-0.6821,-0.38397,-0.17071,-0.042683,6.37E-14,-0.042683,-0.17071,-0.38397,-0.6821,-1.0643,-1.529,-2.0734,-2.693,-3.3812,-4.1286,-4.9223,-5.7456,-6.5773,-7.3917,-8.158,-8.8411,-9.4021,-9.7991,-9.9894,-9.9318,-9.589,-8.9318,-7.9426,-6.6195,-4.9802,-3.0652,-0.94004,1.3041,3.5526,5.6712,7.5138,8.9327,9.7914,9.9795,9.428,8.1237,6.1199,3.5426,0.58893,-2.483,-5.3741,-7.7727,-9.3899,-9.9988,-9.4714,-7.8086,-5.1564,-1.8045,1.8376,5.2859,8.0452,9.6834,9.9064,8.6191,5.9617,2.3093,-1.7704,-5.5988,-8.4983,-9.9174,-9.5447,-7.3888,-3.8024,0.56053,4.8551,8.206,9.8903,9.5038,7.0711,3.0695,-1.6497,-6.0334,-9.0603,-9.9858,-8.5383,-5.0127,-0.22908,4.6452,8.376,9.9793,8.9923,5.6234,0.72802,-4.3944,-8.3397,-9.9876,-8.8322,-5.1535,0.030679,5.233,8.9189,9.9643,8.0125,3.612,-1.9199,-6.8807,-9.705,-9.4678,-6.2029,-0.92308
-5.8317,-9.3283,-9.7839,-7.0919,-2.1525,3.4444,7.9401,9.959,8.9189,5.1809,-0.092042,-5.3113,-8.9458,-9.9672,-8.1262,-3.9937,1.2327,6.0883,9.2541,9.9086,7.9264,3.8795,-1.1436,-5.8415,-9.0408,-9.9821,-8.4861,-4.9676,-0.30458,4.3926,8.0506,9.8749,9.511,7.0956,3.1976,-1.3294,-5.5429,-8.6085,-9.9602,-9.3918,-7.0711,-3.4815,0.69059,4.6943,7.8514,9.6667,9.8956,8.5634,5.9371,2.4627,-1.3188,-4.8604,-7.6879,-9.4591,-9.9964,-9.2933,-7.4968,-4.8718,-1.756,1.4881,4.5174,7.043,8.8545,9.831,9.9414,9.2349,7.825,5.87,3.5526,1.0608,-1.4282,-3.7603,-5.8123,-7.4958,-8.7577,-9.5771,-9.9616,-9.941,-9.5616,-8.8801,-7.9584,-6.859,-5.6412,-4.3591,-3.0594,-1.781,-0.5544,0.59748,1.6589,2.6204,3.4774,4.2295,4.8796,5.4321,5.8932,6.2692,6.5666,6.7913,6.948,7.0405,7.0711,7.0405,6.948,6.7913,6.5666,6.2692,5.8932,5.4321,4.8796,4.2295,3.4774,2.6204,1.6589,0.59748,-0.5544,-1.781,-3.0594,-4.3591,-5.6412,-6.859,-7.9584,-8.8801,-9.5616,-9.941,-9.9616,-9.5771,-8.7577,-7.4958,-5.8123,-3.7603,-1.4282,1.0608,3.5526,5.87,7.825,9.2349,9.9414,9.831,8.8545,7.043,4.5174,1.4881,-1.756,-4.8718,-7.4968,-9.2933,-9.9964,-9.4591,-7.6879,-4.8604,-1.3188,2.4627,5.9371,8.5634,9.8956,9.6667,7.8514,4.6943,0.69059,-3.4815,-7.0711,-9.3918,-9.9602,-8.6085,-5.5429,-1.3294,3.1976,7.0956,9.511,9.8749,8.0506,4.3926,-0.30458,-4.9676,-8.4861,-9.9821,-9.0408,-5.8415,-1.1436,3.8795,7.9264,9.9086,9.2541,6.0883,1.2327,-3.9937,-8.1262,-9.9672,-8.9458,-5.3113,-0.092042,5.1809,8.9189,9.959,7.9401,3.4444,-2.1525,-7.0919,-9.7839,-9.3283,-5.8317
-9.1261,-9.8702,-7.3771,-2.4989,3.1627,7.7919,9.941,8.9731,5.233,-0.092042,-5.3634,-9.0006,-9.9503,-7.9774,-3.7026,1.6094,6.4363,9.4362,9.8137,7.5147,3.209,-1.9207,-6.5148,-9.3979,-9.8725,-7.8713,-3.9433,0.91323,5.5149,8.7849,9.9991,8.9326,5.8824,1.5699,-3.0419,-6.9703,-9.4207,-9.9387,-8.4793,-5.3876,-1.3043,2.9775,6.6714,9.1407,10,9.1622,6.829,3.4328,-0.45308,-4.2177,-7.3095,-9.3139,-10,-9.3356,-7.4711,-4.7005,-1.4078,1.9919,5.1061,7.6095,9.2728,9.9768,9.7115,8.5623,6.6892,4.3007,1.6272,-1.103,-3.6839,-5.9457,-7.7632,-9.0587,-9.8002,-9.9957,-9.6864,-8.9374,-7.829,-6.449,-4.8854,-3.2208,-1.529,0.12806,1.7011,3.1537,4.4616,5.6115,6.5991,7.4277,8.1064,8.6482,9.0687,9.385,9.6141,9.773,9.8772,9.9407,9.9757,9.9923,9.9985,9.9999,10,9.9999,9.9985,9.9923,9.9757,9.9407,9.8772,9.773,9.6141,9.385,9.0687,8.6482,8.1064,7.4277,6.5991,5.6115,4.4616,3.1537,1.7011,0.12806,-1.529,-3.2208,-4.8854,-6.449,-7.829,-8.9374,-9.6864,-9.9957,-9.8002,-9.0587,-7.7632,-5.9457,-3.6839,-1.103,1.6272,4.3007,6.6892,8.5623,9.7115,9.9768,9.2728,7.6095,5.1061,1.9919,-1.4078,-4.7005,-7.4711,-9.3356,-10,-9.3139,-7.3095,-4.2177,-0.45308,3.4328,6.829,9.1622,10,9.1407,6.6714,2.9775,-1.3043,-5.3876,-8.4793,-9.9387,-9.4207,-6.9703,-3.0419,1.5699,5.8824,8.9326,9.9991,8.7849,5.5149,0.91323,-3.9433,-7.8713,-9.8725,-9.3979,-6.5148,-1.9207,3.209,7.5147,9.8137,9.4362,6.4363,1.6094,-3.7026,-7.9774,-9.9503,-9.0006,-5.3634,-0.092042,5.233,8.9731,9.941,7.7919,3.1627,-2.4989,-7.3771,-9.8702,-9.1261
-9.9474,-7.7251,-2.9556,2.7638,7.5612,9.9037,9.0776,5.3882,0.030679,-5.3113,-9.0006,-9.9438,-7.9011,-3.5261,1.8594,6.6772,9.5566,9.717,7.1623,2.6477,-2.56,-7.0477,-9.6399,-9.6975,-7.2583,-2.995,1.9862,6.4427,9.3062,9.9314,8.2258,4.6403,0.035062,-4.5386,-8.0827,-9.8657,-9.5627,-7.2965,-3.5831,0.79947,4.9824,8.1808,9.836,9.7017,7.8642,4.701,0.79174,-3.1967,-6.627,-8.9913,-9.9786,-9.5039,-7.6988,-4.8718,-1.4466,2.1075,5.3422,7.8856,9.48,9.9997,9.4496,7.9492,5.7045,2.9753,0.040905,-2.8297,-5.4027,-7.4958,-8.9871,-9.8164,-9.9804,-9.524,-8.5288,-7.1009,-5.3583,-3.4212,-1.4026,0.59748,2.4961,4.2295,5.7532,7.0405,8.081,8.8776,9.4435,9.7998,9.9725,9.9905,9.8834,9.6803,9.4089,9.0942,8.7586,8.4216,8.0995,7.806,7.552,7.3461,7.1947,7.1022,7.0711,7.1022,7.1947,7.3461,7.552,7.806,8.0995,8.4216,8.7586,9.0942,9.4089,9.6803,9.8834,9.9905,9.9725,9.7998,9.4435,8.8776,8.081,7.0405,5.7532,4.2295,2.4961,0.59748,-1.4026,-3.4212,-5.3583,-7.1009,-8.5288,-9.524,-9.9804,-9.8164,-8.9871,-7.4958,-5.4027,-2.8297,0.040905,2.9753,5.7045,7.9492,9.4496,9.9997,9.48,7.8856,5.3422,2.1075,-1.4466,-4.8718,-7.6988,-9.5039,-9.9786,-8.9913,-6.627,-3.1967,0.79174,4.701,7.8642,9.7017,9.836,8.1808,4.9824,0.79947,-3.5831,-7.2965,-9.5627,-9.8657,-8.0827,-4.5386,0.035062,4.6403,8.2258,9.9314,9.3062,6.4427,1.9862,-2.995,-7.2583,-9.6975,-9.6399,-7.0477,-2.56,2.6477,7.1623,9.717,9.5566,6.6772,1.8594,-3.5261,-7.9011,-9.9438,-9.0006,-5.3113,0.030679,5.3882,9.0776,9.9037,7.5612,2.7638,-2.9556,-7.7251,-9.9474
-8.1206,-3.5167,2.2442,7.2386,9.8365,9.2242,5.6426,0.27604,-5.1535,-8.9458,-9.9503,-7.9011,-3.467,1.984,6.8185,9.6291,9.6357,6.8851,2.2044,-3.0639,-7.4565,-9.7951,-9.4922,-6.6812,-2.1472,2.9074,7.1908,9.6513,9.7262,7.453,3.4283,-1.3642,-5.8045,-8.8997,-10,-8.9205,-5.9523,-1.7704,2.7327,6.644,9.2139,9.9917,8.8904,6.1756,2.3897,-1.7673,-5.5735,-8.4103,-9.8572,-9.7424,-8.1482,-5.3741,-1.8716,1.8374,5.2415,7.91,9.5416,9.9903,9.2655,7.5138,4.9844,1.9884,-1.1437,-4.1006,-6.6195,-8.5066,-9.646,-9.9992,-9.5977,-8.5288,-6.9202,-4.9223,-2.693,-0.38397,1.8695,3.9553,5.7883,7.311,8.4921,9.3236,9.8168,9.9976,9.9025,9.574,9.0573,8.3978,7.638,6.817,5.9691,5.1231,4.3029,3.5276,2.8117,2.1659,1.5978,1.1124,0.71302,0.4014,0.17847,0.044623,-9.80E-14,0.044623,0.17847,0.4014,0.71302,1.1124,1.5978,2.1659,2.8117,3.5276,4.3029,5.1231,5.9691,6.817,7.638,8.3978,9.0573,9.574,9.9025,9.9976,9.8168,9.3236,8.4921,7.311,5.7883,3.9553,1.8695,-0.38397,-2.693,-4.9223,-6.9202,-8.5288,-9.5977,-9.9992,-9.646,-8.5066,-6.6195,-4.1006,-1.1437,1.9884,4.9844,7.5138,9.2655,9.9903,9.5416,7.91,5.2415,1.8374,-1.8716,-5.3741,-8.1482,-9.7424,-9.8572,-8.4103,-5.5735,-1.7673,2.3897,6.1756,8.8904,9.9917,9.2139,6.644,2.7327,-1.7704,-5.9523,-8.9205,-10,-8.8997,-5.8045,-1.3642,3.4283,7.453,9.7262,9.6513,7.1908,2.9074,-2.1472,-6.6812,-9.4922,-9.7951,-7.4565,-3.0639,2.2044,6.8851,9.6357,9.6291,6.8185,1.984,-3.467,-7.9011,-9.9503,-8.9458,-5.1535,0.27604,5.6426,9.2242,9.8365,7.2386,2.2442,-3.5167,-8.1206
-4.1731,1.6008,6.8122,9.7243,9.4006,5.9898,0.64362,-4.8868,-8.8322,-9.9672,-7.9774,-3.5261,1.984,6.865,9.6629,9.5821,6.6944,1.8848,-3.4366,-7.7566,-9.8883,-9.286,-6.1666,-1.416,3.6771,7.779,9.8582,9.4335,6.667,2.2906,-2.6033,-6.8424,-9.456,-9.8876,-8.0978,-4.5412,-0.03636,4.434,7.9416,9.801,9.6926,7.7,4.2648,0.075515,-4.0795,-7.4638,-9.5195,-9.9499,-8.7472,-6.1688,-2.6721,1.1763,4.7971,7.6862,9.48,9.992,9.2194,7.3239,4.592,1.3851,-1.9132,-4.9444,-7.4131,-9.1108,-9.9268,-9.8461,-8.9374,-7.3346,-5.2145,-2.7748,-0.21338,2.2882,4.5766,6.5341,8.081,9.1753,9.8084,9.9996,9.7898,9.2346,8.3978,7.3461,6.1449,4.8544,3.5276,2.2093,0.93512,-0.26777,-1.3803,-2.3906,-3.2924,-4.0845,-4.769,-5.3506,-5.8355,-6.2306,-6.5427,-6.7781,-6.9423,-7.0391,-7.0711,-7.0391,-6.9423,-6.7781,-6.5427,-6.2306,-5.8355,-5.3506,-4.769,-4.0845,-3.2924,-2.3906,-1.3803,-0.26777,0.93512,2.2093,3.5276,4.8544,6.1449,7.3461,8.3978,9.2346,9.7898,9.9996,9.8084,9.1753,8.081,6.5341,4.5766,2.2882,-0.21338,-2.7748,-5.2145,-7.3346,-8.9374,-9.8461,-9.9268,-9.1108,-7.4131,-4.9444,-1.9132,1.3851,4.592,7.3239,9.2194,9.992,9.48,7.6862,4.7971,1.1763,-2.6721,-6.1688,-8.7472,-9.9499,-9.5195,-7.4638,-4.0795,0.075515,4.2648,7.7,9.6926,9.801,7.9416,4.434,-0.03636,-4.5412,-8.0978,-9.8876,-9.456,-6.8424,-2.6033,2.2906,6.667,9.4335,9.8582,7.779,3.6771,-1.416,-6.1666,-9.286,-9.8883,-7.7566,-3.4366,1.8848,6.6944,9.5821,9.6629,6.865,1.984,-3.5261,-7.9774,-9.9672,-8.8322,-4.8868,0.64362,5.9898,9.4006,9.7243,6.8122,1.6008,-4.1731
0.83237,6.2688,9.5485,9.5899,6.4198,1.1321,-4.5058,-8.6516,-9.9876,-8.1262,-3.7026,1.8594,6.8185,9.6629,9.5634,6.5974,1.692,-3.6822,-7.9608,-9.9398,-9.1023,-5.7344,-0.81123,4.3006,8.2294,9.963,9.0973,5.9105,1.258,-3.6718,-7.6683,-9.7942,-9.5936,-7.1722,-3.1397,1.5586,5.8731,8.8859,9.9989,9.0388,6.2635,2.2799,-2.1015,-6.038,-8.8172,-9.9786,-9.3765,-7.1802,-3.8178,0.11782,3.9813,7.1824,9.2728,9.9999,9.3249,7.406,4.5558,1.1826,-2.2742,-5.4027,-7.8665,-9.4355,-9.9986,-9.5616,-8.2304,-6.1869,-3.6595,-0.89463,1.8695,4.4232,6.5991,8.28,9.3999,9.9407,9.9253,9.4089,8.4687,7.1947,5.6815,4.0207,2.2959,0.57956,-1.0698,-2.6074,-4.0024,-5.2361,-6.3008,-7.1976,-7.9343,-8.5238,-8.9822,-9.3274,-9.5778,-9.7515,-9.8655,-9.935,-9.9734,-9.9916,-9.9983,-9.9999,-10,-9.9999,-9.9983,-9.9916,-9.9734,-9.935,-9.8655,-9.7515,-9.5778,-9.3274,-8.9822,-8.5238,-7.9343,-7.1976,-6.3008,-5.2361,-4.0024,-2.6074,-1.0698,0.57956,2.2959,4.0207,5.6815,7.1947,8.4687,9.4089,9.9253,9.9407,9.3999,8.28,6.5991,4.4232,1.8695,-0.89463,-3.6595,-6.1869,-8.2304,-9.5616,-9.9986,-9.4355,-7.8665,-5.4027,-2.2742,1.1826,4.5558,7.406,9.3249,9.9999,9.2728,7.1824,3.9813,0.11782,-3.8178,-7.1802,-9.3765,-9.9786,-8.8172,-6.038,-2.1015,2.2799,6.2635,9.0388,9.9989,8.8859,5.8731,1.5586,-3.1397,-7.1722,-9.5936,-9.7942,-7.6683,-3.6718,1.258,5.9105,9.0973,9.963,8.2294,4.3006,-0.81123,-5.7344,-9.1023,-9.9398,-7.9608,-3.6822,1.692,6.5974,9.5634,9.6629,6.8185,1.8594,-3.7026,-8.1262,-9.9876,-8.6516,-4.5058,1.1321,6.4198,9.5899,9.5485,6.2688,0.83237
5.5945,9.287,9.7704,6.9188,1.7383,-4.004,-8.3924,-9.9998,-8.3397,-3.9937,1.6094,6.6772,9.6291,9.5821,6.5974,1.6276,-3.8041,-8.0793,-9.9654,-8.9587,-5.3992,-0.33841,4.7856,8.5636,9.9985,8.7549,5.2164,0.35048,-4.57,-8.3061,-9.9602,-9.1794,-6.2101,-1.8061,2.9775,7.0451,9.5101,9.879,8.133,4.701,0.3397,-4.0449,-7.5894,-9.6402,-9.863,-8.2809,-5.2419,-1.3301,2.757,6.3368,8.8545,9.9612,9.55,7.7489,4.8783,1.3851,-2.2342,-5.5063,-8.0422,-9.5771,-9.9894,-9.2979,-7.642,-5.2506,-2.4051,0.59748,3.4774,5.997,7.9779,9.3078,9.9407,9.8899,9.2177,8.0213,6.4199,4.5415,2.5118,0.44596,-1.5573,-3.4192,-5.082,-6.5085,-7.6801,-8.5941,-9.2604,-9.6986,-9.935,-9.9996,-9.924,-9.7396,-9.4765,-9.1623,-8.8216,-8.4757,-8.1429,-7.8382,-7.5737,-7.3588,-7.2005,-7.1037,-7.0711,-7.1037,-7.2005,-7.3588,-7.5737,-7.8382,-8.1429,-8.4757,-8.8216,-9.1623,-9.4765,-9.7396,-9.924,-9.9996,-9.935,-9.6986,-9.2604,-8.5941,-7.6801,-6.5085,-5.082,-3.4192,-1.5573,0.44596,2.5118,4.5415,6.4199,8.0213,9.2177,9.8899,9.9407,9.3078,7.9779,5.997,3.4774,0.59748,-2.4051,-5.2506,-7.642,-9.2979,-9.9894,-9.5771,-8.0422,-5.5063,-2.2342,1.3851,4.8783,7.7489,9.55,9.9612,8.8545,6.3368,2.757,-1.3301,-5.2419,-8.2809,-9.863,-9.6402,-7.5894,-4.0449,0.3397,4.701,8.133,9.879,9.5101,7.0451,2.9775,-1.8061,-6.2101,-9.1794,-9.9602,-8.3061,-4.57,0.35048,5.2164,8.7549,9.9985,8.5636,4.7856,-0.33841,-5.3992,-8.9587,-9.9654,-8.0793,-3.8041,1.6276,6.5974,9.5821,9.6291,6.6772,1.6094,-3.9937,-8.3397,-9.9998,-8.3924,-4.004,1.7383,6.9188,9.7704,9.287,5.5945
8.915,9.9157,7.4679,2.4566,-3.3744,-8.0396,-9.9876,-8.6058,-4.3944,1.2327,6.4363,9.5566,9.6357,6.6944,1.692,-3.8041,-8.1181,-9.9756,-8.8678,-5.1707,-1.24E-17,5.1402,8.8012,9.9928,8.4366,4.6094,-0.42073,-5.3057,-8.7837,-9.9994,-8.6999,-5.2653,-0.58125,4.2033,7.9639,9.8616,9.5179,7.0711,3.1131,-1.4686,-5.6992,-8.7254,-9.981,-9.279,-6.8193,-3.1214,1.0981,5.0721,8.1237,9.7759,9.8151,8.3021,5.5367,1.9884,-1.7923,-5.2632,-7.9677,-9.589,-9.9776,-9.1522,-7.2769,-4.6243,-1.529,1.6589,4.6148,7.0711,8.8373,9.8084,9.9619,9.348,8.0736,6.2834,4.1421,1.8171,-0.53545,-2.78,-4.8085,-6.5427,-7.9343,-8.9622,-9.6285,-9.9541,-9.9733,-9.7291,-9.2693,-8.6423,-7.8952,-7.0711,-6.2083,-5.3395,-4.4919,-3.6868,-2.9411,-2.2669,-1.673,-1.1651,-0.74688,-0.42049,-0.18696,-0.046748,-9.81E-15,-0.046748,-0.18696,-0.42049,-0.74688,-1.1651,-1.673,-2.2669,-2.9411,-3.6868,-4.4919,-5.3395,-6.2083,-7.0711,-7.8952,-8.6423,-9.2693,-9.7291,-9.9733,-9.9541,-9.6285,-8.9622,-7.9343,-6.5427,-4.8085,-2.78,-0.53545,1.8171,4.1421,6.2834,8.0736,9.348,9.9619,9.8084,8.8373,7.0711,4.6148,1.6589,-1.529,-4.6243,-7.2769,-9.1522,-9.9776,-9.589,-7.9677,-5.2632,-1.7923,1.9884,5.5367,8.3021,9.8151,9.7759,8.1237,5.0721,1.0981,-3.1214,-6.8193,-9.279,-9.981,-8.7254,-5.6992,-1.4686,3.1131,7.0711,9.5179,9.8616,7.9639,4.2033,-0.58125,-5.2653,-8.6999,-9.9994,-8.7837,-5.3057,-0.42073,4.6094,8.4366,9.9928,8.8012,5.1402,-1.24E-17,-5.1707,-8.8678,-9.9756,-8.1181,-3.8041,1.692,6.6944,9.6357,9.5566,6.4363,1.2327,-4.3944,-8.6058,-9.9876,-8.0396,-3.3744,2.4566,7.4679,9.9157,8.915
9.9945,8.0427,3.2769,-2.6113,-7.5761,-9.93,-8.9078,-4.8966,0.72802,6.0883,9.4362,9.717,6.8851,1.8848,-3.6822,-8.0793,-9.9756,-8.8366,-5.055,0.20313,5.372,8.9587,9.9686,8.1661,4.1071,-1.0506,-5.8904,-9.1299,-9.9535,-8.2019,-4.3794,0.50899,5.234,8.6562,9.9944,8.9905,5.9371,1.5777,-3.0887,-7.0441,-9.4714,-9.9143,-8.3455,-5.1419,-0.97956,3.3203,6.958,9.3023,9.9903,8.9686,6.4757,2.9753,-0.94004,-4.6554,-7.6311,-9.4761,-9.9894,-9.169,-7.1895,-4.3591,-1.0643,2.2882,5.3233,7.7374,9.3236,9.9814,9.7124,8.606,6.817,4.5415,1.9918,-0.62462,-3.1226,-5.3506,-7.1976,-8.5941,-9.51,-9.9497,-9.9448,-9.5473,-8.8216,-7.8382,-6.6682,-5.3787,-4.0298,-2.673,-1.3502,-0.093492,1.074,2.1374,3.0884,3.9244,4.647,5.2607,5.772,6.1881,6.5164,6.7638,6.936,7.0375,7.0711,7.0375,6.936,6.7638,6.5164,6.1881,5.772,5.2607,4.647,3.9244,3.0884,2.1374,1.074,-0.093492,-1.3502,-2.673,-4.0298,-5.3787,-6.6682,-7.8382,-8.8216,-9.5473,-9.9448,-9.9497,-9.51,-8.5941,-7.1976,-5.3506,-3.1226,-0.62462,1.9918,4.5415,6.817,8.606,9.7124,9.9814,9.3236,7.7374,5.3233,2.2882,-1.0643,-4.3591,-7.1895,-9.169,-9.9894,-9.4761,-7.6311,-4.6554,-0.94004,2.9753,6.4757,8.9686,9.9903,9.3023,6.958,3.3203,-0.97956,-5.1419,-8.3455,-9.9143,-9.4714,-7.0441,-3.0887,1.5777,5.9371,8.9905,9.9944,8.6562,5.234,0.50899,-4.3794,-8.2019,-9.9535,-9.1299,-5.8904,-1.0506,4.1071,8.1661,9.9686,8.9587,5.372,0.20313,-5.055,-8.8366,-9.9756,-8.0793,-3.6822,1.8848,6.8851,9.717,9.4362,6.0883,0.72802,-4.8966,-8.9078,-9.93,-7.5761,-2.6113,3.2769,8.0427,9.9945
8.6126,4.1838,-1.7111,-6.9831,-9.8021,-9.2238,-5.4884,0.095011,5.6234,9.2541,9.8137,7.1623,2.2044,-3.4366,-7.9608,-9.9654,-8.8678,-5.055,0.27083,5.4865,9.0482,9.943,7.961,3.7218,-1.538,-6.3375,-9.3721,-9.8593,-7.724,-3.5831,1.4506,6.0787,9.1556,9.9637,8.3649,4.8001,0.15102,-4.4911,-8.0866,-9.8759,-9.5276,-7.1802,-3.3803,1.059,5.2415,8.3709,9.8963,9.5965,7.5933,4.3007,0.32712,-3.6457,-6.9828,-9.1945,-9.9986,-9.3435,-7.3917,-4.4733,-1.0219,2.4961,5.6471,8.081,9.5649,9.9953,9.394,7.8879,5.6815,3.0242,0.17847,-2.6074,-5.1207,-7.1976,-8.7299,-9.6645,-9.9983,-9.7699,-9.0484,-7.9234,-6.4941,-4.861,-3.1185,-1.3502,0.37402,1.9997,3.4877,4.813,5.9631,6.936,7.7381,8.3816,8.8831,9.2614,9.5362,9.7269,9.8521,9.9285,9.9707,9.9907,9.9982,9.9999,10,9.9999,9.9982,9.9907,9.9707,9.9285,9.8521,9.7269,9.5362,9.2614,8.8831,8.3816,7.7381,6.936,5.9631,4.813,3.4877,1.9997,0.37402,-1.3502,-3.1185,-4.861,-6.4941,-7.9234,-9.0484,-9.7699,-9.9983,-9.6645,-8.7299,-7.1976,-5.1207,-2.6074,0.17847,3.0242,5.6815,7.8879,9.394,9.9953,9.5649,8.081,5.6471,2.4961,-1.0219,-4.4733,-7.3917,-9.3435,-9.9986,-9.1945,-6.9828,-3.6457,0.32712,4.3007,7.5933,9.5965,9.8963,8.3709,5.2415,1.059,-3.3803,-7.1802,-9.5276,-9.8759,-8.0866,-4.4911,0.15102,4.8001,8.3649,9.9637,9.1556,6.0787,1.4506,-3.5831,-7.724,-9.8593,-9.3721,-6.3375,-1.538,3.7218,7.961,9.943,9.0482,5.4865,0.27083,-5.055,-8.8678,-9.9654,-7.9608,-3.4366,2.2044,7.1623,9.8137,9.2541,5.6234,0.095011,-5.4884,-9.2238,-9.8021,-6.9831,-1.7111,4.1838,8.6126
5.1548,-0.67467,-6.2423,-9.5752,-9.5263,-6.1533,-0.66434,5.0306,8.9923,9.9086,7.5147,2.6477,-3.0639,-7.7566,-9.9398,-8.9587,-5.1707,0.20313,5.4865,9.0772,9.9273,7.8333,3.4611,-1.8841,-6.6598,-9.534,-9.7475,-7.2965,-2.898,2.2383,6.753,9.4986,9.8216,7.7,3.7137,-1.1311,-5.6679,-8.8531,-9.9999,-8.9108,-5.8892,-1.6402,2.9082,6.8142,9.3169,9.974,8.7245,5.87,1.9884,-2.1942,-5.9457,-8.6556,-9.9268,-9.6209,-7.8552,-4.9592,-1.4026,2.2882,5.6115,8.1568,9.6492,9.9691,9.1482,7.3461,4.8156,1.8608,-1.203,-4.0845,-6.5427,-8.4032,-9.5646,-9.9962,-9.7291,-8.8432,-7.4519,-5.6874,-3.6868,-1.5809,0.51422,2.5025,4.3103,5.887,7.2036,8.2499,9.0311,9.5644,9.8757,9.9959,9.9586,9.7978,9.5462,9.2342,8.8889,8.5342,8.1902,7.8734,7.5975,7.3727,7.2068,7.1053,7.0711,7.1053,7.2068,7.3727,7.5975,7.8734,8.1902,8.5342,8.8889,9.2342,9.5462,9.7978,9.9586,9.9959,9.8757,9.5644,9.0311,8.2499,7.2036,5.887,4.3103,2.5025,0.51422,-1.5809,-3.6868,-5.6874,-7.4519,-8.8432,-9.7291,-9.9962,-9.5646,-8.4032,-6.5427,-4.0845,-1.203,1.8608,4.8156,7.3461,9.1482,9.9691,9.6492,8.1568,5.6115,2.2882,-1.4026,-4.9592,-7.8552,-9.6209,-9.9268,-8.6556,-5.9457,-2.1942,1.9884,5.87,8.7245,9.974,9.3169,6.8142,2.9082,-1.6402,-5.8892,-8.9108,-9.9999,-8.8531,-5.6679,-1.1311,3.7137,7.7,9.8216,9.4986,6.753,2.2383,-2.898,-7.2965,-9.7475,-9.534,-6.6598,-1.8841,3.4611,7.8333,9.9273,9.0772,5.4865,0.20313,-5.1707,-8.9587,-9.9398,-7.7566,-3.0639,2.6477,7.5147,9.9086,8.9923,5.0306,-0.66434,-6.1533,-9.5263,-9.5752,-6.2423,-0.67467,5.1548
0.49056,-5.3374,-9.2179,-9.7823,-6.8683,-1.5444,4.299,8.6299,9.9793,7.9264,3.209,-2.56,-7.4565,-9.8883,-9.1023,-5.3992,-1.24E-17,5.372,9.0482,9.9273,7.79,3.3297,-2.0907,-6.8682,-9.6353,-9.6426,-6.9425,-2.3383,2.8728,7.2756,9.721,9.6152,7.0446,2.7172,-2.2493,-6.627,-9.3819,-9.9092,-8.1482,-4.5622,-4.91E-15,4.5174,8.0299,9.8382,9.6297,7.5138,3.9674,-0.28636,-4.4354,-7.7371,-9.646,-9.8931,-8.5068,-5.7802,-2.1981,1.6589,5.2136,7.9779,9.6141,9.9656,9.0573,7.0711,4.3029,1.1124,-2.1289,-5.082,-7.4738,-9.1172,-9.9185,-9.8723,-9.0484,-7.5737,-5.611,-3.3386,-0.93298,1.4458,3.6633,5.6168,7.2364,8.4837,9.3486,9.8439,10,9.8595,9.4718,8.8889,8.1623,7.3399,6.4645,5.5734,4.6972,3.8606,3.0827,2.3777,1.7555,1.2229,0.7841,0.44149,0.19631,0.049085,-2.45E-14,0.049085,0.19631,0.44149,0.7841,1.2229,1.7555,2.3777,3.0827,3.8606,4.6972,5.5734,6.4645,7.3399,8.1623,8.8889,9.4718,9.8595,10,9.8439,9.3486,8.4837,7.2364,5.6168,3.6633,1.4458,-0.93298,-3.3386,-5.611,-7.5737,-9.0484,-9.8723,-9.9185,-9.1172,-7.4738,-5.082,-2.1289,1.1124,4.3029,7.0711,9.0573,9.9656,9.6141,7.9779,5.2136,1.6589,-2.1981,-5.7802,-8.5068,-9.8931,-9.646,-7.7371,-4.4354,-0.28636,3.9674,7.5138,9.6297,9.8382,8.0299,4.5174,-4.91E-15,-4.5622,-8.1482,-9.9092,-9.3819,-6.627,-2.2493,2.7172,7.0446,9.6152,9.721,7.2756,2.8728,-2.3383,-6.9425,-9.6426,-9.6353,-6.8682,-2.0907,3.3297,7.79,9.9273,9.0482,5.372,-1.24E-17,-5.3992,-9.1023,-9.8883,-7.4565,-2.56,3.209,7.9264,9.9793,8.6299,4.299,-1.5444,-6.8683,-9.7823,-9.2179,-5.3374,0.49056
-4.2565,-8.6979,-9.9533,-7.6039,-2.5339,3.4195,8.1432,9.9981,8.376,3.8795,-1.9207,-7.0477,-9.7951,-9.286,-5.7344,-0.33841,5.1402,8.9587,9.943,7.8333,3.3297,-2.1594,-6.9703,-9.6903,-9.5627,-6.6787,-1.9131,3.3583,7.666,9.8554,9.3845,6.4371,1.8376,-3.1967,-7.3872,-9.7173,-9.6681,-7.3141,-3.2696,1.4881,5.8663,8.9093,9.9999,8.9686,6.0974,2.0284,-2.3939,-6.3045,-8.9871,-9.9969,-9.2186,-6.859,-3.3812,0.59748,4.4232,7.5138,9.4435,9.9905,9.1482,7.1022,4.1825,0.80192,-2.6074,-5.6512,-8.0162,-9.4959,-9.9999,-9.5473,-8.2485,-6.2806,-3.859,-1.2114,1.4458,3.9244,6.0762,7.7978,9.0311,9.7592,9.9999,9.7978,9.2156,8.3264,7.2068,5.9312,4.5677,3.1755,1.8037,0.49049,-0.73608,-1.8573,-2.8623,-3.7468,-4.5117,-5.1611,-5.7016,-6.141,-6.4873,-6.7479,-6.9291,-7.0358,-7.0711,-7.0358,-6.9291,-6.7479,-6.4873,-6.141,-5.7016,-5.1611,-4.5117,-3.7468,-2.8623,-1.8573,-0.73608,0.49049,1.8037,3.1755,4.5677,5.9312,7.2068,8.3264,9.2156,9.7978,9.9999,9.7592,9.0311,7.7978,6.0762,3.9244,1.4458,-1.2114,-3.859,-6.2806,-8.2485,-9.5473,-9.9999,-9.4959,-8.0162,-5.6512,-2.6074,0.80192,4.1825,7.1022,9.1482,9.9905,9.4435,7.5138,4.4232,0.59748,-3.3812,-6.859,-9.2186,-9.9969,-8.9871,-6.3045,-2.3939,2.0284,6.0974,8.9686,9.9999,8.9093,5.8663,1.4881,-3.2696,-7.3141,-9.6681,-9.7173,-7.3872,-3.1967,1.8376,6.4371,9.3845,9.8554,7.666,3.3583,-1.9131,-6.6787,-9.5627,-9.6903,-6.9703,-2.1594,3.3297,7.8333,9.943,8.9587,5.1402,-0.33841,-5.7344,-9.286,-9.7951,-7.0477,-1.9207,3.8795,8.376,9.9981,8.1432,3.4195,-2.5339,-7.6039,-9.9533,-8.6979,-4.2565
-7.984,-9.9961,-8.3223,-3.6146,2.3866,7.508,9.933,8.8361,4.6452,-1.1436,-6.5148,-9.6399,-9.4922,-6.1666,-0.81123,4.7856,8.8012,9.9686,7.961,3.4611,-2.0907,-6.9703,-9.7076,-9.5198,-6.5161,-1.6274,3.6999,7.9416,9.9299,9.1622,5.9069,1.0921,-3.9753,-7.9728,-9.9043,-9.3356,-6.4705,-2.0636,2.7948,6.958,9.4927,9.8779,8.094,4.592,0.1636,-4.2501,-7.7632,-9.7187,-9.7991,-8.0593,-4.8854,-0.89463,3.1944,6.6957,9.0687,9.9923,9.394,7.4352,4.4623,0.93512,-2.6506,-5.8355,-8.2529,-9.6645,-9.9733,-9.2167,-7.5435,-5.1818,-2.4028,0.51422,3.3109,5.772,7.7381,9.1111,9.8521,9.9742,9.5318,8.6088,7.3069,5.7338,3.9952,2.1872,0.39248,-1.3229,-2.9095,-4.3343,-5.5789,-6.6372,-7.5132,-8.2183,-8.7691,-9.1853,-9.488,-9.6985,-9.8367,-9.9211,-9.9676,-9.9897,-9.998,-9.9999,-10,-9.9999,-9.998,-9.9897,-9.9676,-9.9211,-9.8367,-9.6985,-9.488,-9.1853,-8.7691,-8.2183,-7.5132,-6.6372,-5.5789,-4.3343,-2.9095,-1.3229,0.39248,2.1872,3.9952,5.7338,7.3069,8.6088,9.5318,9.9742,9.8521,9.1111,7.7381,5.772,3.3109,0.51422,-2.4028,-5.1818,-7.5435,-9.2167,-9.9733,-9.6645,-8.2529,-5.8355,-2.6506,0.93512,4.4623,7.4352,9.394,9.9923,9.0687,6.6957,3.1944,-0.89463,-4.8854,-8.0593,-9.7991,-9.7187,-7.7632,-4.2501,0.1636,4.592,8.094,9.8779,9.4927,6.958,2.7948,-2.0636,-6.4705,-9.3356,-9.9043,-7.9728,-3.9753,1.0921,5.9069,9.1622,9.9299,7.9416,3.6999,-1.6274,-6.5161,-9.5198,-9.7076,-6.9703,-2.0907,3.4611,7.961,9.9686,8.8012,4.7856,-0.81123,-6.1666,-9.4922,-9.6399,-6.5148,-1.1436,4.6452,8.8361,9.933,7.508,2.3866,-3.6146,-8.3223,-9.9961,-7.984
-9.8641,-8.9778,-4.7586,1.2013,6.7009,9.7478,9.2724,5.4862,-0.22908,-5.8415,-9.3979,-9.6975,-6.6812,-1.416,4.3006,8.5636,9.9928,8.1661,3.7218,-1.8841,-6.8682,-9.6903,-9.5198,-6.4612,-1.484,3.9026,8.1169,9.9668,8.9741,5.4756,0.49053,-4.5926,-8.4103,-9.9855,-8.9629,-5.6666,-0.97956,3.9087,7.8117,9.831,9.55,7.0996,3.0917,-1.5498,-5.8123,-8.8171,-9.9929,-9.169,-6.5773,-2.7748,1.4899,5.4321,8.3758,9.8632,9.7124,8.0213,5.1231,1.5098,-2.2599,-5.6512,-8.2273,-9.6986,-9.9448,-9.0089,-7.0711,-4.4087,-1.3502,1.7695,4.647,7.0375,8.7715,9.7592,9.9861,9.5022,8.4058,6.827,4.9107,2.8026,0.63738,-1.469,-3.4242,-5.1611,-6.6372,-7.8322,-8.745,-9.3889,-9.7884,-9.9752,-9.9847,-9.8534,-9.6173,-9.3098,-8.9611,-8.5975,-8.2416,-7.912,-7.6235,-7.388,-7.2138,-7.107,-7.0711,-7.107,-7.2138,-7.388,-7.6235,-7.912,-8.2416,-8.5975,-8.9611,-9.3098,-9.6173,-9.8534,-9.9847,-9.9752,-9.7884,-9.3889,-8.745,-7.8322,-6.6372,-5.1611,-3.4242,-1.469,0.63738,2.8026,4.9107,6.827,8.4058,9.5022,9.9861,9.7592,8.7715,7.0375,4.647,1.7695,-1.3502,-4.4087,-7.0711,-9.0089,-9.9448,-9.6986,-8.2273,-5.6512,-2.2599,1.5098,5.1231,8.0213,9.7124,9.8632,8.3758,5.4321,1.4899,-2.7748,-6.5773,-9.169,-9.9929,-8.8171,-5.8123,-1.5498,3.0917,7.0996,9.55,9.831,7.8117,3.9087,-0.97956,-5.6666,-8.9629,-9.9855,-8.4103,-4.5926,0.49053,5.4756,8.9741,9.9668,8.1169,3.9026,-1.484,-6.4612,-9.5198,-9.6903,-6.8682,-1.8841,3.7218,8.1661,9.9928,8.5636,4.3006,-1.416,-6.6812,-9.6975,-9.3979,-5.8415,-0.22908,5.4862,9.2724,9.7478,6.7009,1.2013,-4.7586,-8.9778,-9.8641
-9.5167,-5.9276,-0.12667,5.7022,9.4039,9.6442,6.3749,0.81686,-5.0127,-9.0408,-9.8725,-7.2583,-2.1472,3.6771,8.2294,9.9985,8.4366,4.1071,-1.538,-6.6598,-9.6353,-9.5627,-6.5161,-1.484,3.9698,8.2019,9.9824,8.8386,5.158,0.037759,-5.0584,-8.7254,-9.9988,-8.5927,-4.9398,-0.039269,4.8317,8.4569,9.9795,9.0898,6.0652,1.6675,-3.0652,-7.0711,-9.5023,-9.8931,-8.2304,-4.9223,-0.6821,3.6377,7.222,9.4435,9.9619,8.7586,6.11,2.5118,-1.4246,-5.082,-7.9343,-9.6161,-9.9583,-8.9888,-6.9058,-4.0298,-0.74688,2.5479,5.4992,7.8274,9.3486,9.9806,9.736,8.7055,7.0367,4.9107,2.5199,0.049085,-2.3388,-4.5117,-6.3733,-7.8631,-8.9541,-9.6476,-9.9676,-9.9542,-9.6578,-9.1337,-8.4379,-7.6235,-6.739,-5.8264,-4.9209,-4.0509,-3.2384,-2.4997,-1.8466,-1.2868,-0.82522,-0.46469,-0.20663,-0.051668,5.88E-14,-0.051668,-0.20663,-0.46469,-0.82522,-1.2868,-1.8466,-2.4997,-3.2384,-4.0509,-4.9209,-5.8264,-6.739,-7.6235,-8.4379,-9.1337,-9.6578,-9.9542,-9.9676,-9.6476,-8.9541,-7.8631,-6.3733,-4.5117,-2.3388,0.049085,2.5199,4.9107,7.0367,8.7055,9.736,9.9806,9.3486,7.8274,5.4992,2.5479,-0.74688,-4.0298,-6.9058,-8.9888,-9.9583,-9.6161,-7.9343,-5.082,-1.4246,2.5118,6.11,8.7586,9.9619,9.4435,7.222,3.6377,-0.6821,-4.9223,-8.2304,-9.8931,-9.5023,-7.0711,-3.0652,1.6675,6.0652,9.0898,9.9795,8.4569,4.8317,-0.039269,-4.9398,-8.5927,-9.9988,-8.7254,-5.0584,0.037759,5.158,8.8386,9.9824,8.2019,3.9698,-1.484,-6.5161,-9.5627,-9.6353,-6.6598,-1.538,4.1071,8.4366,9.9985,8.2294,3.6771,-2.1472,-7.2583,-9.8725,-9.0408,-5.0127,0.81686,6.3749,9.6442,9.4039,5.7022,-0.12667,-5.9276,-9.5167
-7.0711,-1.5756,4.499,8.8625,9.9042,7.2745,1.9809,-4.0158,-8.5383,-9.9821,-7.8713,-2.995,2.9074,7.779,9.963,8.7549,4.6094,-1.0506,-6.3375,-9.534,-9.6426,-6.6787,-1.6274,3.9026,8.2019,9.9866,8.7679,4.9639,-0.26433,-5.3826,-8.9404,-9.976,-8.2591,-4.3173,0.74579,5.5742,8.9274,9.992,8.5623,5.0546,0.36798,-4.3615,-8.0422,-9.8745,-9.5111,-7.1009,-3.2208,1.2782,5.4682,8.5375,9.9407,9.4809,7.3162,3.8985,-0.13388,-4.0845,-7.3218,-9.3756,-9.9949,-9.1623,-7.0711,-4.0723,-0.6071,2.8642,5.9251,8.2499,9.6313,9.9885,9.3583,7.8734,5.7338,3.1755,0.44149,-2.2428,-4.6874,-6.7479,-8.3302,-9.3889,-9.9211,-9.9589,-9.5599,-8.7978,-7.7538,-6.5096,-5.1422,-3.7199,-2.2999,-0.92802,0.36173,1.5459,2.6105,3.5489,4.3608,5.0501,5.6233,6.0888,6.455,6.7303,6.9215,7.0339,7.0711,7.0339,6.9215,6.7303,6.455,6.0888,5.6233,5.0501,4.3608,3.5489,2.6105,1.5459,0.36173,-0.92802,-2.2999,-3.7199,-5.1422,-6.5096,-7.7538,-8.7978,-9.5599,-9.9589,-9.9211,-9.3889,-8.3302,-6.7479,-4.6874,-2.2428,0.44149,3.1755,5.7338,7.8734,9.3583,9.9885,9.6313,8.2499,5.9251,2.8642,-0.6071,-4.0723,-7.0711,-9.1623,-9.9949,-9.3756,-7.3218,-4.0845,-0.13388,3.8985,7.3162,9.4809,9.9407,8.5375,5.4682,1.2782,-3.2208,-7.1009,-9.5111,-9.8745,-8.0422,-4.3615,0.36798,5.0546,8.5623,9.992,8.9274,5.5742,0.74579,-4.3173,-8.2591,-9.976,-8.9404,-5.3826,-0.26433,4.9639,8.7679,9.9866,8.2019,3.9026,-1.6274,-6.6787,-9.6426,-9.534,-6.3375,-1.0506,4.6094,8.7549,9.963,7.779,2.9074,-2.995,-7.8713,-9.9821,-8.5383,-4.0158,1.9809,7.2745,9.9042,8.8625,4.499,-1.5756,-7.0711
